0 53.23
1 53.23
2 53.21
3 53.19
4 53.16
5 53.13
6 53.08
7 53.02
8 52.96
9 52.89
10 52.81
11 52.72
12 52.62
13 52.51
14 52.4
15 52.27
16 52.14
17 52
18 51.84
19 51.68
20 51.51
21 51.33
22 51.13
23 50.93
24 50.72
25 50.49
26 50.26
27 50.01
28 49.76
29 49.49
30 49.21
31 48.92
32 48.61
33 48.3
34 47.97
35 47.63
36 47.27
37 46.9
38 46.52
39 46.12
40 45.71
41 45.28
42 44.84
43 44.38
44 43.91
45 43.42
46 42.91
47 42.39
48 41.84
49 41.28
50 40.7
51 40.1
52 39.48
53 38.85
54 38.19
55 37.51
56 36.81
57 36.09
58 35.34
59 34.58
60 33.79
61 33.35
62 34.16
63 34.92
64 35.62
65 36.28
66 36.9
67 37.47
68 38
69 38.5
70 38.97
71 39.4
72 39.81
73 40.18
74 40.53
75 40.86
76 41.15
77 41.43
78 41.68
79 41.9
80 42.11
81 42.3
82 42.46
83 42.6
84 42.73
85 42.83
86 42.92
87 42.98
88 43.03
89 43.06
90 43.07
91 43.06
92 43.03
93 42.98
94 42.92
95 42.83
96 42.73
97 42.6
98 42.46
99 42.3
100 42.11
101 41.9
102 41.68
103 41.43
104 41.15
105 40.86
106 40.53
107 40.18
108 39.81
109 39.4
110 38.97
111 38.5
112 38
113 37.47
114 36.9
115 36.28
116 35.62
117 34.92
118 34.16
119 33.35
120 32.48
121 31.53
122 30.51
123 29.41
124 28.2
125 26.89
126 25.43
127 23.82
128 22
129 20.1
130 20.5
131 20.88
132 21.26
133 21.63
134 22
135 22.35
136 22.7
137 23.04
138 23.37
139 23.7
140 24.01
141 24.32
142 24.62
143 24.91
144 25.2
145 25.47
146 25.74
147 26
148 26.25
149 26.49
150 26.73
151 26.96
152 27.18
153 27.39
154 27.59
155 27.79
156 27.98
157 28.16
158 28.33
159 28.5
160 28.65
161 28.8
162 28.94
163 29.08
164 29.2
165 29.32
166 29.43
167 29.54
168 29.63
169 29.72
170 29.8
171 29.87
172 29.94
173 29.99
174 30.04
175 30.08
176 30.12
177 30.14
178 30.16
179 30.17
180 30.18
181 30.17
182 30.16
183 30.14
184 30.12
185 30.08
186 30.04
187 29.99
188 29.94
189 29.87
190 29.8
191 29.72
192 29.63
193 29.54
194 29.43
195 29.32
196 29.2
197 29.08
198 28.94
199 28.8
200 28.65
201 28.5
202 28.33
203 28.16
204 27.98
205 27.79
206 27.59
207 27.39
208 27.18
209 26.96
210 26.73
211 26.49
212 26.25
213 26
214 25.74
215 25.47
216 25.2
217 24.91
218 24.62
219 24.32
220 24.01
221 23.7
222 23.37
223 23.04
224 22.7
225 22.35
226 22
227 21.63
228 21.26
229 20.88
230 20.5
231 20.1
232 19.7
233 19.29
234 18.87
235 18.45
236 18.01
237 17.58
238 17.13
239 16.67
240 16.92
241 18.69
242 20.22
243 21.59
244 22.81
245 23.91
246 24.92
247 25.83
248 26.67
249 27.45
250 28.16
251 28.81
252 29.41
253 29.96
254 30.47
255 30.94
256 31.37
257 31.76
258 32.11
259 32.44
260 32.73
261 32.98
262 33.21
263 33.41
264 33.59
265 33.73
266 33.85
267 33.94
268 34
269 34.04
270 34.06
271 34.04
272 34
273 33.94
274 33.85
275 33.73
276 33.59
277 33.41
278 33.21
279 32.98
280 32.73
281 32.44
282 32.11
283 31.76
284 31.37
285 30.94
286 30.47
287 29.96
288 29.41
289 28.81
290 28.16
291 27.45
292 26.67
293 27.61
294 28.56
295 29.49
296 30.4
297 31.28
298 32.14
299 32.98
300 33.79
301 34.58
302 35.34
303 36.09
304 36.81
305 37.51
306 38.19
307 38.85
308 39.48
309 40.1
310 40.7
311 41.28
312 41.84
313 42.39
314 42.91
315 43.42
316 43.91
317 44.38
318 44.84
319 45.28
320 45.71
321 46.12
322 46.52
323 46.9
324 47.27
325 47.63
326 47.97
327 48.3
328 48.61
329 48.92
330 49.21
331 49.49
332 49.76
333 50.01
334 50.26
335 50.49
336 50.72
337 50.93
338 51.13
339 51.33
340 51.51
341 51.68
342 51.84
343 52
344 52.14
345 52.27
346 52.4
347 52.51
348 52.62
349 52.72
350 52.81
351 52.89
352 52.96
353 53.02
354 53.08
355 53.13
356 53.16
357 53.19
358 53.21
359 53.23
360 53.23
